74 48 76 68
100 66 70 90
77 33 54 66
49 39 39 46
44 74 41 49
59 97 46 65
60 61 77 61
82 87 84 83
33 48 90 40
69 45 86 65
59 66 49 59
44 57 35 45
48 54 68 50
94 84 42 87
62 34 54 55
74 96 64 77
66 50 65 62
73 51 45 66
52 40 84 52
47 56 59 49
49 45 93 51
82 81 36 78
49 86 53 56
53 74 81 59
45 82 64 53
82 93 56 82
64 30 60 56
59 99 36 65
36 59 42 41
52 90 33 58
46 50 35 45
92 44 59 79
78 54 58 71
89 88 31 84
48 74 87 56
46 50 80 49
55 65 47 56
35 48 46 38
87 61 57 79
56 50 54 54
45 50 91 49
41 71 100 51
32 63 61 40
96 57 47 84
86 83 39 81
57 94 87 66
35 99 95 52
73 57 51 68
78 51 90 73
100 94 60 95
98 35 42 80
93 62 100 87
30 70 48 39
62 53 33 57
59 96 81 68
61 52 86 61
90 97 64 89
96 83 43 89
92 90 65 89
59 47 35 54
54 83 54 59
99 87 95 96
43 71 33 47
32 79 81 45
52 82 51 57
37 67 65 45
85 81 46 81
96 55 34 82
74 78 98 76
80 52 43 71
80 69 73 77
46 100 60 57
61 58 92 62
87 43 93 78
30 53 90 39
66 91 40 68
95 96 62 92
39 37 52 39
43 90 44 52
44 66 54 49
65 82 56 67
33 74 100 46
53 34 99 52
45 96 41 54
75 82 50 74
65 40 78 61
85 71 70 80
63 66 76 64
66 31 34 56
88 97 92 90
46 94 57 56
71 76 81 72
44 45 38 43
34 83 88 48
66 94 37 69
60 48 64 57
43 66 57 48
30 98 75 47
46 43 91 49
75 91 90 79
86 31 67 73
30 62 35 36
47 31 35 42
51 79 33 55
84 68 55 78
67 98 95 75
41 72 49 47
78 87 81 80
58 37 86 56
99 46 59 85
35 86 40 45
80 59 34 72
33 38 54 35
66 55 67 63
79 76 88 79
42 94 43 52
89 45 32 75
72 34 61 63
99 31 96 85
99 99 75 97
67 53 69 64
87 30 35 71
59 99 58 66
45 99 47 55
40 54 47 43
59 58 60 58
71 90 56 73
71 93 48 73
38 95 73 52
36 88 64 48
94 76 61 87
90 40 61 77
48 60 44 50
69 68 64 68
43 78 85 53
59 92 36 63
51 60 80 55
71 35 65 63
75 55 66 70
45 80 35 51
96 75 45 87
40 77 68 49
87 42 64 76
91 99 42 88
55 76 41 58
43 94 38 52
37 32 82 39
97 55 55 85
40 88 62 51
82 75 99 81
52 84 57 58
90 70 93 86
47 77 31 51
95 94 62 92
87 95 60 86
96 68 67 88
99 56 32 85
65 81 64 68
31 51 94 40
48 43 87 50
93 68 62 85
63 78 65 66
72 72 100 74
41 37 68 42
78 89 65 79
42 68 89 50
33 90 98 49
45 69 93 53
43 62 98 51
43 89 55 53
39 83 34 47
87 94 36 84
94 73 76 88
50 41 81 50
56 99 72 65
54 57 80 56
84 46 95 77
43 78 41 49
96 95 70 93
76 32 87 68
50 93 44 58
87 86 99 87
43 66 95 51
67 82 92 72
74 48 88 69
41 41 96 45
56 35 61 52
50 90 32 56
87 52 50 77
98 100 92 97
99 39 52 83
86 88 99 87
76 48 49 68
59 72 67 62
74 95 52 76
32 97 44 45
42 66 63 48
60 91 71 67
86 46 52 75
53 60 37 53
51 55 93 55
42 44 39 42
87 63 40 78
48 47 50 47
49 43 97 51
44 30 72 43
70 51 55 65
55 86 65 62
88 63 73 81
67 74 98 70
33 34 35 33
60 62 45 59
61 65 48 60
86 96 81 87
69 52 65 65
45 72 83 53
35 57 69 42
98 35 97 85
79 57 34 71
94 43 66 81
37 80 100 50
96 72 37 86
100 75 98 94
91 90 76 89
53 87 34 58
70 59 63 67
56 99 51 64
81 67 64 76
63 93 80 70
48 61 86 53
69 72 100 72
100 69 83 92
63 61 62 62
55 31 75 51
30 41 96 37
59 37 93 57
94 41 62 80
92 30 94 79
40 60 96 48
49 39 55 47
55 75 92 61
64 50 49 60
79 36 83 70
33 44 48 36
30 52 43 35
55 89 59 62
91 42 33 76
76 71 53 73
85 95 39 83
34 73 85 45
84 44 82 75
98 48 61 85
35 51 66 40
38 62 71 45
96 31 59 80
98 70 31 87
62 74 66 64
73 73 43 70
76 70 31 71
76 37 95 69
71 50 45 64
80 57 55 73
35 73 81 46
79 77 58 76
30 75 68 42
85 61 50 77
38 57 99 46
99 39 95 86
85 79 63 82
73 54 53 67
43 81 97 54
66 72 67 67
48 34 63 46
37 99 47 50
81 86 80 81
65 55 66 63
85 79 34 79
91 30 35 74
39 99 89 54
76 97 55 78
91 33 32 74
86 99 66 87
51 82 95 60
70 78 55 70
45 39 58 44
60 70 42 60
37 90 93 52
54 89 85 63
43 42 40 42
75 88 55 76
50 86 62 58
63 50 76 61
66 43 52 60
88 54 34 76
51 41 58 49
34 48 36 36
56 73 33 57
32 100 75 49
57 88 77 64
57 55 94 59
42 72 90 51
90 67 47 81
35 82 62 46
44 66 53 49
31 44 37 34
100 73 52 90
88 95 42 85
68 46 40 61
34 63 57 41
68 97 34 71
98 87 59 92
41 97 35 51
33 51 75 39
77 32 42 65
39 91 38 49
40 95 81 54
38 40 84 42
57 43 46 53
77 63 65 73
84 39 40 71
80 98 54 81
90 88 77 88
100 63 83 91
72 37 52 63
62 39 91 59
54 95 63 62
78 80 83 78
67 62 58 65
82 41 76 73
60 78 73 64
82 92 68 82
65 73 89 68
62 82 48 64
70 69 34 66
96 74 100 91
98 85 34 90
57 67 82 61
47 78 85 56
87 91 56 85
64 30 35 54
66 79 49 67
92 77 84 88
95 68 44 85
44 42 65 45
93 91 66 90
94 77 88 90
57 85 99 65
99 37 100 86
47 98 93 60
88 57 97 82
61 65 93 64
71 41 41 62
86 61 81 80
36 95 33 47
91 91 78 89
48 76 36 52
93 91 90 92
83 48 97 77
87 93 97 89
97 98 36 92
92 38 54 78
82 40 78 73
39 100 38 51
46 95 50 56
85 78 82 83
96 47 89 85
32 53 35 36
73 76 53 71
93 51 43 80
33 68 38 40
56 96 75 65
82 49 67 74
91 94 93 91
66 67 45 64
79 48 90 73
93 91 74 91
73 59 94 71
100 59 87 90
98 42 37 81
69 74 76 70
94 61 60 84
50 73 55 55
40 100 82 55
50 72 94 57
84 66 59 78
93 40 79 81
65 41 74 60
34 65 61 42
32 46 99 40
68 54 87 66
75 72 63 73
77 86 78 78
66 61 48 63
75 71 98 76
51 75 42 55
73 39 41 63
57 91 66 64
67 43 100 64
72 94 78 76
74 42 70 67
99 58 99 90
41 85 48 50
67 72 47 66
48 97 32 56
51 55 87 54
49 32 39 44
86 81 91 85
87 85 44 83
47 41 46 45
57 78 62 61
87 88 38 83
59 73 91 64
62 91 93 70
90 80 82 87
54 53 86 56
94 53 30 80
66 53 91 65
94 73 93 89
66 92 62 70
98 68 77 90
94 52 99 86
91 87 59 87
40 85 74 51
79 76 84 78
36 78 70 47
63 97 80 71
37 44 52 39
45 38 85 46
37 81 80 49
63 70 59 64
63 46 62 59
40 66 63 47
99 57 48 86
98 57 87 88
55 61 49 55
30 89 79 45
86 63 100 82
37 68 40 43
68 32 58 60
32 40 65 36
61 60 56 60
78 38 69 69
90 100 82 91
74 71 41 70
95 77 67 89
100 59 60 88
58 39 82 56
79 65 37 72
85 98 53 85
59 99 76 68
97 72 76 90
88 67 42 80
78 34 97 70
32 63 45 39
71 36 83 64
88 64 69 81
54 36 89 53
44 74 46 50
57 90 88 66
38 84 57 48
38 50 78 43
46 68 31 49
70 67 67 69
85 53 72 77
59 40 52 54
35 67 48 42
69 81 38 68
73 41 58 65
68 47 39 61
96 96 50 92
42 43 93 46
47 75 51 52
56 48 34 52
43 86 30 50
83 73 65 79
44 89 59 54
65 30 74 58
71 68 93 72
63 36 42 55
77 59 73 73
33 45 50 36
37 35 74 39
36 43 99 42
65 38 52 58
97 44 61 83
59 68 49 60
57 70 30 57
76 71 94 76
72 68 80 71
84 34 59 72
99 67 80 91
54 61 64 56
40 36 80 42
82 49 99 76
34 96 92 51
41 76 99 52
38 41 44 39
91 62 91 85
40 55 34 42
92 88 85 90
75 94 84 79
71 85 37 71
73 82 93 76
50 75 83 57
95 53 30 81
96 61 100 89
51 86 91 61
91 87 77 89
69 43 95 65
45 61 74 50
40 82 51 49
60 76 72 64
64 88 62 68
45 89 94 57
100 69 52 89
78 49 33 68
51 59 82 55
36 97 68 50
64 68 54 64
51 48 49 50
52 71 47 55
81 60 57 74
34 46 96 41
31 48 73 37
94 74 86 89
72 100 98 79
91 57 55 81
86 89 30 82
53 72 75 58
74 35 77 66
100 95 96 98
100 66 34 87
56 85 59 62
87 37 98 77
69 63 62 67
69 90 32 70
98 86 56 92
100 43 62 85
92 76 42 84
87 43 92 78
81 87 39 78
54 88 57 61
58 31 61 52
55 46 68 54
89 92 70 88
44 51 74 47
42 55 72 46
68 52 94 66
48 54 98 53
98 78 31 88
54 68 33 55
62 77 61 64
75 43 59 67
99 34 67 83
72 31 68 63
61 98 56 68
52 68 95 58
89 61 86 83
69 34 51 60
96 57 81 87
44 57 80 49
87 78 59 82
100 43 96 88
34 51 74 40
97 52 83 86
58 67 58 59
35 70 55 43
53 48 81 54
58 43 95 57
52 50 75 53
78 43 38 67
57 49 45 54
73 71 97 74
39 90 100 54
80 57 78 75
67 69 77 68
93 85 35 86
93 86 52 88
51 42 75 51
51 90 37 57
48 90 48 56
58 69 65 60
85 70 55 79
69 47 49 63
96 94 74 93
57 44 83 56
55 47 42 52
73 81 97 76
36 57 89 44
65 45 85 62
74 84 37 73
98 70 74 90
90 32 82 77
81 78 34 76
58 55 36 55
56 75 56 59
81 47 45 71
58 65 80 61
43 48 68 46
36 97 67 50
80 61 69 75
99 88 86 95
61 53 96 62
66 76 97 70
69 30 78 61
79 73 32 74
38 93 61 50
44 36 81 45
82 94 95 85
99 71 43 88
79 84 92 81
74 43 41 65
70 85 38 70
51 51 70 52
47 49 54 47
58 76 38 60
68 81 52 69
49 55 65 51
55 63 44 55
97 54 94 88
70 78 46 69
90 54 66 80
77 40 42 66
81 87 79 82
100 92 75 96
88 68 53 81
35 47 92 41
90 92 87 90
83 46 49 72
76 89 100 80
49 31 78 47
56 99 95 67
49 85 67 57
76 33 89 68
48 30 95 48
55 78 90 62
75 100 30 76
84 56 54 76
40 95 71 53
95 85 57 89
74 93 75 77
74 52 55 68
99 62 60 88
43 68 80 50
67 44 77 63
81 76 36 76
89 88 32 84
61 31 50 54
48 41 72 48
59 49 76 58
65 66 54 64
30 36 35 31
46 73 74 53
51 69 71 56
59 98 56 66
73 93 51 75
61 73 73 64
87 50 89 79
57 45 69 55
50 74 51 54
49 37 84 49
36 42 94 41
39 84 67 50
62 60 73 62
92 96 81 91
53 37 89 52
81 39 69 71
34 34 47 35
32 98 71 48
78 54 35 69
33 98 78 49
78 84 92 80
38 65 43 43
87 44 79 77
71 58 39 65
91 36 63 77
51 75 51 55
93 41 99 83
85 33 62 72
60 36 69 55
97 47 84 85
58 84 63 63
89 87 96 89
92 68 58 84
45 76 91 54
70 84 44 70
92 82 34 85
45 61 30 47
46 97 68 57
88 87 87 87
39 76 63 48
73 81 99 76
47 99 49 57
97 72 44 87
67 53 91 66
95 68 96 89
38 100 84 54
95 65 66 86
57 33 44 51
98 41 78 85
33 37 76 37
83 56 90 78
68 72 56 67
80 34 91 71
49 47 40 47
59 37 31 52
67 44 67 62
48 93 69 58
45 43 62 45
42 30 47 39
82 35 74 71
72 32 60 63
92 67 76 85
82 71 32 75
65 100 36 69
97 54 75 86
31 82 40 41
88 39 69 76
44 72 31 48
87 76 67 83
40 47 60 42
41 59 56 45
93 70 87 87
47 50 93 51
99 90 94 96
37 39 42 37
56 63 66 58
34 45 39 36
49 35 98 50
45 32 52 42
85 94 90 87
92 50 30 78
68 51 71 64
48 84 92 58
42 48 59 44
81 93 92 84
85 53 76 77
79 51 93 74
72 30 69 63
83 55 68 76
82 61 46 74
39 91 41 49
41 35 86 43
30 73 63 41
72 75 54 71
96 64 96 89
91 43 84 80
47 79 78 55
88 98 56 87
62 75 95 67
36 73 58 45
69 71 42 67
44 77 99 55
69 49 71 65
71 67 48 68
50 52 78 52
61 70 75 63
68 81 62 70
41 59 86 48
54 49 76 54
70 49 55 64
57 61 41 56
87 92 40 84
96 64 78 88
37 32 69 38
60 50 87 60
30 32 94 35
74 43 55 66
42 90 91 55
82 53 46 73
76 36 36 64
91 46 80 81
82 82 33 78
34 67 44 41
71 55 68 67
67 86 58 70
100 47 93 88
48 52 54 49
52 95 81 62
34 98 59 48
46 45 61 47
92 94 55 89
59 84 86 66
73 73 38 70
89 42 76 78
58 85 84 65
88 40 54 75
41 77 76 51
49 79 98 58
46 36 31 42
79 90 80 81
33 49 41 36
57 48 60 55
37 72 64 46
40 31 99 42
87 50 56 77
62 43 34 55
82 91 70 82
66 97 57 71
31 51 51 36
86 43 73 76
67 76 91 70
71 74 62 70
30 53 62 37
72 50 53 66
95 84 59 89
92 43 31 77
70 76 53 69
60 77 78 64
98 45 83 86
79 69 30 73
80 64 86 77
56 85 93 64
53 35 57 49
54 39 73 52
72 47 77 67
55 97 99 66
95 64 38 84
59 80 66 63
57 69 48 58
83 96 63 84
54 82 64 60
88 94 53 86
66 87 98 72
96 48 93 86
78 72 51 74
65 63 32 61
44 84 36 51
32 45 68 37
92 60 75 84
36 69 99 47
91 82 74 87
30 30 54 31
39 94 50 50
45 49 34 44
80 36 89 71
47 50 67 49
41 93 44 51
35 51 70 41
70 95 58 74
76 100 50 78
66 40 72 61
100 86 37 92
40 97 53 52
76 61 55 71
56 71 89 61
87 96 65 87
39 37 99 43
39 92 65 51
45 33 84 45
69 79 91 72
86 68 61 80
37 51 94 44
60 98 65 68
30 35 96 36
49 96 64 59
45 89 91 57
62 65 30 60
53 45 95 54
66 69 52 65
81 69 74 78
37 98 33 48
40 45 88 44
97 82 86 93
61 95 71 68
51 58 78 54
49 54 92 53
40 47 85 44
51 51 89 54
62 43 61 58
80 31 75 69
48 89 54 56
54 38 76 52
54 80 90 62
86 31 94 75
90 56 98 83
95 48 64 83
97 42 45 81
47 100 85 60
39 50 48 41
68 89 39 69
100 32 66 83
48 73 89 56
64 92 81 70
62 55 98 63
62 36 44 55
81 94 72 82
75 60 52 70
94 88 35 88
49 36 61 47
82 32 62 70
38 46 93 44
95 67 60 86
94 88 50 89
72 62 67 69
57 31 86 54
52 65 60 55
59 34 59 54
86 36 36 71
93 61 82 85
75 66 62 72
69 71 51 67
92 85 71 88
66 41 54 60
64 35 31 55
73 73 75 73
41 37 97 44
56 49 55 54
75 32 32 62
81 57 34 72
86 70 84 82
63 100 51 69
76 94 49 77
78 50 42 69
43 84 42 51
39 32 39 37
74 67 95 74
72 57 99 71
93 72 60 86
98 53 81 87
35 55 85 43
61 34 39 53
46 33 86 46
93 97 82 92
87 82 62 84
74 47 41 65
96 98 81 95
43 87 86 55
83 64 44 76
96 67 80 88
89 35 74 77
49 55 34 49
85 54 55 76
41 30 34 38
56 68 58 58
66 76 44 66
69 73 77 70
57 46 47 54
46 69 92 54
95 100 95 95
80 34 69 69
34 99 59 49
95 72 46 86
57 39 32 51
69 63 38 65
35 67 97 46
72 44 38 63
78 48 46 69
79 95 68 81
93 53 58 82
71 70 72 70
61 98 52 67
87 38 39 73
85 49 93 78
42 30 46 39
51 58 51 52
73 43 69 66
55 36 41 50
79 75 87 78
70 81 95 74
88 71 99 85
36 88 60 48
91 37 42 76
58 36 61 53
73 43 85 67
30 77 46 40
98 57 94 89
45 48 46 45
45 35 59 44
55 89 35 60
59 42 71 56
58 52 33 54
71 70 68 70
59 65 71 61
54 43 80 53
99 80 82 93
32 69 36 39
95 38 34 78
40 99 62 53
35 48 76 40
84 79 80 82
92 57 48 81
98 100 42 93
92 51 51 80
63 52 63 60
68 35 64 61
35 39 84 39
77 79 40 74
65 67 62 65
67 83 83 71
73 41 49 64
41 55 42 43
64 90 57 68
53 79 93 61
39 71 82 48
74 75 49 72
50 62 96 56
56 56 91 58
82 91 82 83
60 62 47 59
