83 96 37 1
88 47 72 0
100 95 36 1
71 61 95 0
49 82 44 0
33 85 30 0
53 70 65 0
69 69 80 0
99 88 68 1
57 33 71 0
65 36 63 0
97 47 82 1
59 98 33 0
73 68 94 0
91 56 68 1
80 37 58 0
58 43 48 0
44 70 36 0
91 33 87 0
94 35 38 0
91 72 100 1
45 80 43 0
85 77 48 1
36 86 85 0
74 82 92 0
94 70 59 1
73 47 64 0
86 72 55 1
37 93 64 0
94 64 78 1
30 92 79 0
71 39 47 0
60 34 60 0
55 42 46 0
92 41 80 1
79 42 68 0
100 53 92 1
50 75 62 0
45 67 87 0
33 80 78 0
70 71 96 0
67 59 30 0
53 99 95 0
41 45 62 0
73 39 38 0
61 98 91 0
88 45 100 1
52 71 61 0
38 81 73 0
63 31 74 0
84 78 66 1
83 93 54 1
55 92 77 0
39 60 80 0
31 70 73 0
47 48 37 0
69 99 51 0
84 53 77 0
59 92 90 0
49 90 61 0
72 81 55 0
88 94 72 1
67 42 68 0
49 83 98 0
88 81 46 1
63 49 82 0
65 37 63 0
77 49 51 0
64 72 94 0
68 98 77 0
37 62 93 0
60 34 82 0
38 60 53 0
55 76 79 0
90 47 37 0
94 93 95 1
94 60 50 1
72 58 40 0
93 94 78 1
96 44 70 1
100 44 36 1
68 100 57 0
47 88 72 0
74 99 77 0
51 49 35 0
39 39 61 0
43 55 49 0
98 98 96 1
70 34 51 0
72 79 38 0
42 77 91 0
55 61 37 0
80 45 64 0
34 31 47 0
55 51 72 0
38 89 59 0
55 66 50 0
41 69 91 0
40 78 55 0
39 63 66 0
99 49 54 1
100 69 35 1
35 66 70 0
58 65 66 0
85 49 42 0
80 70 41 0
57 95 52 0
72 48 81 0
77 77 95 0
90 43 77 0
34 31 57 0
82 37 88 0
54 41 51 0
85 60 81 0
61 59 53 0
95 49 34 1
87 47 66 0
72 72 33 0
63 35 58 0
31 30 88 0
30 42 78 0
48 66 59 0
56 59 99 0
56 35 40 0
88 58 74 1
94 56 96 1
45 78 64 0
88 79 32 1
96 59 97 1
39 80 99 0
86 58 31 0
100 93 61 1
98 57 78 1
87 99 33 1
95 51 69 1
32 39 82 0
73 97 70 0
31 95 63 0
45 77 63 0
83 82 92 1
55 82 65 0
39 65 43 0
46 74 64 0
82 82 42 0
93 37 51 0
87 76 67 1
46 64 78 0
88 47 46 0
42 98 41 0
35 77 78 0
52 100 66 0
93 70 79 1
54 69 81 0
48 69 82 0
86 85 94 1
52 31 66 0
35 55 59 0
43 62 74 0
98 95 41 1
66 99 87 0
31 84 94 0
68 82 66 0
35 94 84 0
60 54 60 0
88 36 37 0
35 92 67 0
73 46 84 0
50 57 37 0
56 99 99 0
72 87 87 0
74 50 36 0
84 58 78 0
59 53 40 0
45 97 35 0
95 40 41 0
85 96 90 1
31 87 64 0
74 36 57 0
88 76 53 1
49 92 58 0
70 93 43 0
69 33 79 0
87 61 47 0
32 41 76 0
32 97 83 0
53 52 95 0
78 68 30 0
56 38 94 0
81 43 92 0
36 58 91 0
38 44 66 0
73 92 62 0
93 99 63 1
54 39 92 0
98 61 67 1
46 41 100 0
37 69 39 0
86 73 45 1
94 70 81 1
49 90 56 0
99 65 52 1
72 63 44 0
79 32 31 0
46 95 68 0
36 68 96 0
85 62 55 0
82 35 46 0
35 30 87 0
39 70 54 0
43 38 87 0
47 40 46 0
42 48 94 0
87 70 39 0
47 38 60 0
79 82 70 0
52 70 54 0
94 65 66 1
93 38 39 0
76 69 69 0
49 57 32 0
46 97 54 0
43 38 41 0
94 66 93 1
66 100 98 0
68 41 83 0
39 65 34 0
34 48 55 0
91 91 97 1
62 49 37 0
61 94 49 0
50 85 34 0
54 88 48 0
97 73 61 1
61 71 91 0
93 72 81 1
46 89 95 0
73 37 70 0
71 79 57 0
53 56 40 0
75 77 80 0
88 82 75 1
30 48 77 0
46 94 85 0
63 86 85 0
50 35 47 0
60 100 73 0
75 33 88 0
93 35 70 0
54 38 83 0
69 35 31 0
79 49 46 0
51 62 34 0
68 90 93 0
36 93 77 0
84 85 39 1
31 39 91 0
97 89 85 1
77 55 98 0
89 81 91 1
31 49 97 0
79 52 60 0
90 90 54 1
54 72 62 0
77 45 81 0
76 68 38 0
46 38 42 0
65 77 96 0
55 99 44 0
47 32 73 0
65 70 50 0
71 81 67 0
40 73 45 0
32 44 91 0
45 64 61 0
82 63 91 0
92 99 77 1
79 59 40 0
61 33 77 0
58 32 78 0
42 98 69 0
38 68 63 0
81 71 71 0
53 57 34 0
70 93 80 0
39 67 67 0
36 76 71 0
86 47 56 0
84 77 88 1
32 100 72 0
36 65 94 0
64 79 78 0
63 45 43 0
57 76 95 0
64 74 41 0
65 75 91 0
48 83 69 0
89 64 43 1
75 46 73 0
30 95 65 0
79 40 69 0
51 46 39 0
51 44 56 0
90 52 72 1
82 30 76 0
56 71 40 0
45 46 37 0
83 62 69 0
48 81 64 0
60 83 93 0
55 71 93 0
99 98 33 1
39 98 83 0
93 38 53 0
88 66 50 1
92 83 99 1
55 78 30 0
85 99 47 1
63 66 75 0
85 70 96 1
80 93 82 1
35 34 78 0
34 37 84 0
58 56 32 0
68 82 72 0
67 32 42 0
66 41 81 0
39 63 73 0
42 76 58 0
53 80 46 0
36 89 43 0
50 94 84 0
74 74 62 0
55 57 90 0
32 38 74 0
67 31 32 0
46 50 46 0
34 81 48 0
66 100 34 0
45 76 76 0
97 97 93 1
80 62 90 0
34 93 59 0
30 86 85 0
76 82 70 0
89 57 45 0
96 41 66 1
97 60 93 1
80 39 99 0
53 86 40 0
94 54 87 1
47 93 62 0
57 49 64 0
36 33 83 0
98 62 76 1
31 36 61 0
89 66 80 1
87 60 81 1
80 50 58 0
96 96 71 1
39 39 43 0
40 97 71 0
37 80 38 0
100 82 49 1
76 71 94 0
81 79 49 0
30 86 61 0
90 43 37 0
85 47 30 0
81 95 39 1
72 46 55 0
59 71 77 0
83 56 52 0
76 58 84 0
99 77 68 1
54 83 50 0
49 50 66 0
73 38 70 0
50 97 32 0
59 57 89 0
54 78 79 0
40 91 98 0
97 96 93 1
33 77 51 0
36 61 66 0
72 46 84 0
62 37 99 0
66 39 87 0
74 57 67 0
43 37 95 0
83 66 49 0
76 41 95 0
50 95 47 0
64 89 94 0
56 69 51 0
45 78 43 0
84 86 86 1
40 32 56 0
87 73 43 1
69 36 56 0
66 56 40 0
47 67 76 0
51 46 59 0
93 91 75 1
66 86 99 0
79 33 40 0
59 47 48 0
84 70 53 0
99 68 95 1
80 84 56 0
94 85 46 1
35 30 90 0
88 34 33 0
51 87 97 0
44 67 65 0
42 96 87 0
33 87 93 0
96 60 60 1
60 71 73 0
58 52 86 0
75 76 50 0
46 71 87 0
37 34 51 0
43 45 78 0
88 98 76 1
70 62 35 0
83 63 30 0
82 33 47 0
60 38 60 0
85 99 56 1
83 99 31 1
93 92 64 1
57 40 72 0
47 36 51 0
72 50 79 0
75 37 47 0
55 86 88 0
86 54 46 0
77 62 76 0
88 31 68 0
36 30 43 0
67 75 74 0
47 32 79 0
31 73 74 0
83 68 96 1
44 86 34 0
75 72 59 0
77 60 52 0
83 81 54 1
69 98 37 0
49 51 78 0
98 100 57 1
56 50 89 0
45 76 33 0
55 34 92 0
45 56 75 0
85 38 67 0
68 72 51 0
46 46 35 0
56 38 45 0
32 97 100 0
32 58 88 0
48 95 61 0
75 36 100 0
78 100 74 1
52 67 51 0
64 92 74 0
48 34 64 0
59 46 63 0
97 62 52 1
100 92 92 1
37 43 35 0
71 52 67 0
100 82 70 1
69 87 34 0
80 50 84 0
83 86 85 1
42 51 89 0
79 34 45 0
92 31 55 0
58 64 68 0
97 38 41 1
65 78 31 0
30 38 66 0
95 70 80 1
88 84 87 1
40 69 35 0
42 65 69 0
85 50 71 0
91 55 79 1
57 35 88 0
98 35 70 1
93 99 66 1
34 95 33 0
68 69 72 0
39 82 53 0
98 91 44 1
75 63 77 0
85 81 31 0
64 30 88 0
77 60 37 0
55 54 62 0
72 74 64 0
44 89 74 0
76 55 47 0
65 41 47 0
76 69 50 0
98 41 54 1
41 48 90 0
77 87 75 0
79 93 49 0
97 54 65 1
99 92 54 1
75 66 58 0
48 55 71 0
99 81 97 1
51 40 70 0
46 87 80 0
70 48 31 0
56 32 44 0
41 82 68 0
67 57 94 0
100 87 85 1
96 87 37 1
97 60 88 1
84 40 35 0
71 34 50 0
53 87 89 0
55 77 63 0
64 32 35 0
32 90 42 0
33 72 80 0
35 61 80 0
32 71 62 0
69 55 62 0
38 76 34 0
42 65 38 0
43 87 30 0
58 88 95 0
43 94 96 0
97 50 58 1
70 56 63 0
42 67 93 0
45 30 57 0
60 63 58 0
49 94 35 0
75 79 100 0
44 95 43 0
93 85 39 1
51 73 48 0
44 99 50 0
51 74 59 0
81 55 72 0
62 48 42 0
56 36 60 0
79 73 43 0
60 99 74 0
100 84 98 1
96 85 53 1
56 51 93 0
79 100 42 1
66 77 50 0
47 88 73 0
56 59 64 0
73 79 52 0
74 52 76 0
82 89 43 1
51 40 83 0
52 40 79 0
73 35 44 0
70 35 76 0
43 82 84 0
66 91 98 0
53 91 71 0
79 36 73 0
60 77 50 0
90 63 100 1
33 39 59 0
88 79 56 1
46 32 50 0
86 84 46 1
54 91 76 0
100 61 74 1
75 39 78 0
65 65 66 0
67 34 88 0
71 97 41 0
61 95 97 0
49 44 57 0
97 91 62 1
43 92 75 0
72 32 45 0
76 86 37 0
63 48 46 0
98 84 68 1
31 30 55 0
50 55 60 0
36 65 50 0
46 36 54 0
75 92 92 0
88 31 83 0
43 48 57 0
80 42 62 0
36 96 59 0
55 97 49 0
44 96 58 0
86 71 82 1
60 63 94 0
36 72 86 0
47 89 32 0
49 42 92 0
100 60 40 1
100 57 41 1
50 60 63 0
54 42 71 0
88 49 85 0
83 46 89 0
76 79 45 0
32 39 58 0
70 65 51 0
33 48 59 0
81 61 67 0
52 37 82 0
74 90 89 0
45 86 87 0
38 84 73 0
95 41 74 1
68 62 66 0
52 45 94 0
47 32 71 0
33 67 55 0
79 70 59 0
92 41 98 1
35 75 51 0
50 89 60 0
71 38 57 0
69 67 88 0
83 40 39 0
33 84 62 0
52 71 47 0
82 48 40 0
70 30 66 0
93 31 89 1
31 95 67 0
41 48 94 0
36 95 78 0
90 39 34 0
53 78 61 0
65 60 33 0
98 71 70 1
99 41 35 1
97 36 85 1
43 52 82 0
50 56 46 0
59 78 75 0
40 66 80 0
70 79 54 0
72 71 49 0
40 66 99 0
70 86 76 0
31 79 88 0
66 37 82 0
31 76 41 0
98 88 96 1
93 30 64 0
98 35 44 1
83 83 50 1
91 44 83 1
41 44 89 0
39 56 95 0
73 94 76 0
71 57 56 0
90 69 45 1
64 81 78 0
83 96 75 1
47 60 50 0
72 86 41 0
35 84 88 0
49 67 95 0
45 57 92 0
60 67 63 0
30 84 59 0
95 83 94 1
65 91 80 0
87 31 45 0
54 89 63 0
50 85 79 0
36 56 65 0
98 84 91 1
79 95 52 1
33 52 56 0
65 65 95 0
39 87 84 0
30 68 70 0
74 46 98 0
39 77 33 0
39 91 90 0
51 72 77 0
44 95 32 0
77 62 80 0
49 32 67 0
93 77 74 1
43 68 92 0
84 82 98 1
79 95 91 1
60 35 72 0
46 77 79 0
54 74 98 0
90 91 54 1
85 97 59 1
44 47 64 0
77 46 86 0
57 69 60 0
36 54 53 0
80 96 94 1
91 81 75 1
70 83 97 0
36 63 38 0
35 76 95 0
47 61 66 0
64 86 75 0
87 66 43 0
86 50 74 0
93 96 78 1
85 57 81 0
82 90 90 1
43 73 91 0
92 92 76 1
79 39 41 0
43 54 38 0
30 84 56 0
46 39 53 0
60 97 39 0
43 82 41 0
90 90 76 1
36 53 55 0
96 49 34 1
42 100 63 0
51 66 64 0
76 83 55 0
37 69 30 0
89 84 45 1
55 95 37 0
56 96 56 0
46 88 98 0
90 86 60 1
100 43 40 1
82 51 83 0
96 46 80 1
34 63 83 0
33 30 52 0
84 87 86 1
78 55 46 0
79 53 57 0
60 59 31 0
81 44 48 0
71 30 42 0
72 81 70 0
95 83 47 1
72 67 32 0
97 30 43 0
70 50 55 0
40 98 95 0
80 83 81 1
90 43 75 0
83 69 83 1
80 87 36 0
51 55 42 0
94 60 50 1
65 98 52 0
57 87 54 0
84 41 39 0
45 94 33 0
92 99 80 1
61 97 61 0
90 85 69 1
88 73 78 1
67 78 34 0
72 73 76 0
59 37 84 0
31 69 40 0
46 49 54 0
77 42 44 0
78 46 52 0
74 92 60 0
51 55 84 0
68 33 83 0
32 31 78 0
60 72 87 0
64 95 99 0
100 97 50 1
36 93 64 0
46 58 74 0
48 32 75 0
42 34 43 0
89 38 63 0
78 73 85 0
43 60 84 0
55 36 61 0
37 84 66 0
69 60 42 0
100 79 69 1
89 100 69 1
72 68 35 0
76 32 63 0
94 44 31 0
42 75 41 0
69 81 56 0
100 91 53 1
75 96 87 1
37 33 48 0
43 43 31 0
41 70 61 0
30 96 47 0
74 70 43 0
48 100 45 0
77 69 58 0
82 74 69 0
43 46 61 0
60 37 55 0
74 85 100 0
73 54 68 0
50 58 56 0
37 49 83 0
52 32 70 0
68 68 62 0
67 40 71 0
44 94 47 0
75 91 38 0
67 56 42 0
74 72 49 0
74 30 37 0
56 43 57 0
62 84 46 0
50 62 100 0
87 95 55 1
90 42 92 1
75 54 38 0
99 68 60 1
75 75 77 0
44 83 46 0
70 76 41 0
81 46 45 0
32 63 77 0
45 45 50 0
57 73 38 0
74 95 30 0
46 92 53 0
89 95 31 1
62 32 67 0
90 54 72 1
96 81 94 1
73 68 62 0
40 44 51 0
36 99 32 0
83 86 73 1
77 52 55 0
93 33 94 1
56 51 45 0
44 55 99 0
51 90 51 0
39 100 71 0
67 54 39 0
43 88 54 0
69 82 73 0
70 61 36 0
91 37 60 0
62 38 84 0
70 68 95 0
33 83 71 0
100 33 97 1
48 42 32 0
49 80 34 0
97 70 99 1
74 55 75 0
61 54 100 0
51 60 80 0
79 39 90 0
57 45 73 0
55 87 55 0
87 47 31 0
51 67 78 0
55 67 91 0
52 48 64 0
64 49 78 0
51 49 76 0
41 40 78 0
89 96 60 1
100 69 49 1
49 67 82 0
76 44 54 0
91 97 75 1
94 84 68 1
58 57 53 0
47 97 70 0
91 70 58 1
79 95 90 1
82 93 88 1
99 81 94 1
50 87 89 0
64 87 35 0
91 79 94 1
57 55 70 0
66 84 76 0
83 76 43 0
72 75 59 0
55 80 34 0
69 94 37 0
36 35 91 0
52 90 46 0
72 34 62 0
100 85 47 1
91 83 46 1
62 31 83 0
70 46 89 0
39 62 58 0
60 44 54 0
98 42 34 1
36 36 47 0
39 65 54 0
90 99 47 1
53 52 77 0
47 34 40 0
84 85 61 1
41 39 85 0
60 90 62 0
53 41 69 0
98 70 53 1
33 68 59 0
91 83 46 1
36 99 50 0
88 100 36 1
92 90 61 1
34 70 86 0
91 72 93 1
85 89 70 1
92 46 86 1
38 56 49 0
44 41 33 0
62 88 30 0
60 73 64 0
78 41 36 0
85 51 58 0
71 70 42 0
82 91 81 1
61 84 81 0
70 71 34 0
63 92 60 0
89 36 30 0
99 80 69 1
91 34 71 0
55 51 94 0
99 63 98 1
44 57 62 0
66 37 61 0
61 91 38 0
71 38 68 0
34 83 99 0
86 95 97 1
57 65 54 0
48 84 100 0
94 37 30 0
63 40 81 0
46 97 55 0
95 73 37 1
72 68 90 0
91 83 56 1
81 87 33 0
81 80 34 0
95 33 67 1
53 99 51 0
85 50 69 0
94 61 57 1
74 86 74 0
85 98 93 1
53 38 86 0
99 70 63 1
64 69 72 0
73 54 54 0
47 79 34 0
71 90 37 0
91 33 38 0
51 30 41 0
76 87 74 0
96 37 55 1
81 94 44 1
87 31 56 0
43 65 66 0
83 66 98 1
63 44 35 0
32 86 81 0
56 72 68 0
95 87 33 1
99 78 64 1
76 49 52 0
56 33 46 0
65 69 56 0
45 32 63 0
58 85 92 0
50 72 63 0
78 86 53 0
